DATASET_MULTIBAR									
SEPARATOR TAB									
DATASET_LABEL	Taxa barchart2								
COLOR	#00FF00								
FIELD_COLORS	#a6cee3	#cab2d6	#1f78b4	#33a02c	#6a3d9a	#b2df8a	#fb9a99	#e31a1c	#ff7f00
FIELD_LABELS	Proteobacteria	Planctomycetota	Verrucomicrobiota	Firmicutes	Actinobacteriota	Desulfobacterota	Bacteroidota	Cyanobacteria	Fusobacteriota
LEGEND_TITLE	Dataset legend								
LEGEND_SHAPES	1	1	1	1	1	1	1	1	1
LEGEND_COLORS	#a6cee3	#cab2d6	#1f78b4	#33a02c	#6a3d9a	#b2df8a	#fb9a99	#e31a1c	#ff7f00
LEGEND_LABELS	Proteobacteria	Planctomycetota	Verrucomicrobiota	Firmicutes	Actinobacteriota	Desulfobacterota	Bacteroidota	Cyanobacteria	Fusobacteriota
MARGIN	0								
WIDTH	200								
DATA									
'Antidorcas_marsupialis'	0.534759358	0	0	77.54010695	0.534759358	0	21.39037433	0	0
'Bos_javanicus'	0	0	1.086956522	76.08695652	0	0	22.82608696	0	0
'Budorcas_taxicolor'	0.649350649	0	2.597402597	50.64935065	0	0.649350649	45.45454545	0	0
'Gazella_spekei'	0.581395349	0	3.488372093	76.1627907	1.162790698	0	18.60465116	0	0
'Ovis_ammon'	0	0	0.186567164	36.19402985	57.08955224	0	6.343283582	0.186567164	0
'Ovis_canadensis'	0.5	0	1.666666667	59.5	31.5	0	6.166666667	0.666666667	0
'Ovis_vignei'	0.333333333	0.333333333	7.666666667	69.66666667	0.333333333	0.333333333	21.33333333	0	0
'Giraffa_camelopardalis_reticulata'	0	0	0	83.5443038	0	0	16.4556962	0	0
'Okapia_johnstoni'	0	0	4.635761589	72.84768212	0	0.662251656	21.85430464	0	0
'Babyrousa_babyrussa'	0	3.50877193	4.093567251	90.64327485	0.584795322	0	1.169590643	0	0
'Potamochoerus_porcus'	0	0	1.369863014	88.35616438	0	0	10.2739726	0	0
'Sus_cebifons'	0	0	2.898550725	75.36231884	2.898550725	0	18.84057971	0	0
'Speothos_venaticus'	0	0	0	74.17218543	3.973509934	0	18.54304636	0	3.311258278
'Acinonyx_jubatus'	8.823529412	0	0	80.88235294	7.352941176	0	0.735294118	0	2.205882353
'Crocuta_crocuta'	7.865168539	0	0	77.52808989	8.988764045	0	5.617977528	0	0
'Panthera_leo'	1.396974179	0	0.046702363	56.12886575	1.077022028	0.105694821	13.86527597	0	27.37946489
'Ailuropoda_melanoleuca'	0	0	0	99.82269504	0.177304965	0	0	0	0
'Ailurus_fulgens'	74.23580786	0	0	25.76419214	0	0	0	0	0
'Tremarctos_ornatus'	0	0	0	100	0	0	0	0	0
'Ursus_americanus'	1.973684211	0	0	98.02631579	0	0	0	0	0
'Ursus_maritimus'	23.86831276	0	0	51.02880658	0.205761317	0	0	0	24.89711934
'Carollia_perspicillata'	0.735294118	0.367647059	0	97.79411765	0.367647059	0	0.735294118	0	0
'Pteropus_giganteus'	33.33333333	0	1.515151515	48.48484848	6.060606061	0	10.60606061	0	0
'Procavia_capensis'	0	0	0	26.98412698	0	0	73.01587302	0	0
'Atelerix_albiventris'	20.58823529	0	0	79.41176471	0	0	0	0	0
'Oryctolagus_cuniculus'	3.297333712	0	1.018936643	75.85183314	0.200524205	0.239471163	15.04984158	4.342059557	0
'Equus_asinus'	1.333333333	0	26	47.33333333	2	0.666666667	22.66666667	0	0
'Equus_ferus'	0.655021834	0	11.35371179	59.17030568	1.091703057	0	27.72925764	0	0
'Equus_grevyi'	0.492610837	0	33.00492611	47.29064039	0.492610837	0.492610837	18.22660099	0	0
'Equus_hartmannae'	69.73684211	0	0	11.40350877	10.96491228	0	7.894736842	0	0
'Diceros_bicornis'	0.609756098	0.609756098	8.536585366	43.29268293	0	0	46.95121951	0	0
'Rhinoceros_unicornis'	7.094358039	0.422775786	4.538606803	34.71800802	0.610027796	0.160198604	52.34515903	0.038723504	0.072142418
'Ateles_geoffroyi'	0	0	0	66.80327869	0	0	33.19672131	0	0
'Callithrix_geoffroyi'	0	0	0	18.82352941	4.705882353	0	76.47058824	0	0
'Callimico_goeldii'	0	0	0	74	2	0	24	0	0
'Colobus_angolensis'	0	0	0	85.81081081	0	0	14.18918919	0	0
'Colobus_guereza'	1.492537313	0	5.970149254	72.63681592	0	0.995024876	17.41293532	1.492537313	0
'Papio_hamadryas'	0	0	0.607902736	80.54711246	0	0	18.23708207	0.607902736	0
'Presbytis_francoisis'	11.87845304	0.276243094	0.552486188	56.90607735	0	0	30.38674033	0	0
'Pygathrix_nemaeus'	65.57255477	0	0.127359783	13.75002015	1.386448274	0	19.13137403	0.032242983	0
'Gorilla_gorilla'	0.875357616	0.004270037	4.105213715	83.01891626	3.745676587	0.232290021	7.432426662	0.584141082	0.001708015
'Pan_paniscus'	0	0	0	76.74418605	6.976744186	0	16.27906977	0	0
'Pan_troglodytes'	0	0.454545455	0	74.54545455	0.909090909	0.454545455	23.18181818	0.454545455	0
'Pongo_pygmaeus_abelii'	0.678733032	0	0.904977376	71.71945701	2.714932127	0.452488688	23.52941176	0	0
'Eulemur_macaco'	3.03030303	0	0	74.24242424	1.515151515	0	21.21212121	0	0
'Eulemur_mongoz'	0	0	0	65.71428571	1.071428571	0	33.21428571	0	0
'Lemur_catta'	0.526315789	0	17.89473684	58.42105263	0	0	23.15789474	0	0
'Pithecia_pithecia'	0.519480519	0	0	93.76623377	0	0	5.714285714	0	0
'Elephas_maximus'	0.511508951	0.255754476	18.15856777	49.61636829	0.767263427	0.767263427	29.92327366	0	0
'Loxodonta_africana'	18.34539264	0.044616803	4.073649271	41.36270531	0.573258311	0.110189982	35.007515	0.469377776	0.013294906
'Heterocephalus_glaber'	11.1969112	0	0	50.19305019	5.791505792	0	32.43243243	0.386100386	0
'Hydrochaeris_hydrochaeris'	5.22875817	0	3.267973856	18.95424837	0	0	68.62745098	3.921568627	0
'Callosciurus_prevosti'	0.900900901	0	0	83.33333333	0.45045045	0.45045045	14.86486486	0	0
'Tolypeutes_matacus'	0.309597523	0	0.619195046	87.30650155	10.52631579	0	0.92879257	0	0.309597523
'Macropus_rufus'	1.470588235	0	12.5	65.80882353	0	0.367647059	19.85294118	0	0
'Tachyglossus_aculeatus'	15.19595292	0.034139491	0.711498025	72.92350426	4.258125587	0.080693342	6.347617607	0.046553851	0.401914915
'Rhinecanthus_aculeatus'	34.7941383	30.17056584	10.38240258	5.363676683	4.022372522	1.640364169	3.439344101	10.11722167	0.069914132
'Cephalopholis_argus'	34.03173799	6.801935632	2.078786428	46.75133884	0.827478093	0.742054943	5.280277109	1.311386155	2.175004811
'Chaetodon_auriga'	33.35815448	1.084829902	1.264418163	48.72244123	11.63965542	0.140166448	2.054314498	1.495108775	0.240911082
'Myripristis_berndti'	6.069243021	0.075446391	0	86.37494062	0.578422332	0	4.428982591	0.081035013	2.39193003
'Aulostomus_chinensis'	29.09379368	1.469421675	1.157783402	46.41710422	15.56680391	1.084123447	3.616892683	0.961356854	0.63272013
'Dascyllus_flavicaudus'	22.47415386	10.6433489	3.139240978	51.70670626	7.570672488	0.912819033	1.390408185	1.277294965	0.885355329
'Epibulus_insidiator'	44.67809519	8.118948989	2.835842277	23.72891473	5.444864923	2.181049817	5.296835269	0.988456075	6.72699273
'Naso_lituratus'	5.855968338	0.099884567	7.616669415	46.57259299	0.379749817	4.83309383	31.9291385	2.193220099	0.519682442
'Epinephelus_merra'	15.8516723	0.738661734	0.623418596	75.60034871	0.158618783	0.611511556	3.994386681	0.940656163	1.480725479
'Chaetodon_ornatissimus'	5.815722807	0.132736558	4.129401957	58.9674067	1.103170299	5.251592434	23.11558602	0.363811482	1.120571738
'Chaetodon_reticulatus'	5.112398691	0.416699738	3.249817005	54.94042737	1.08562408	8.214055789	25.25288603	0.517236818	1.210854477
'Zebrasoma_scopas'	9.996968855	0.032079618	3.503245851	51.57543762	0.252595418	4.126398747	28.74485337	0.141200839	1.627219682
'Abudefduf_sexfasciatus'	37.20135389	13.06715578	4.315536688	25.09525475	8.511945844	1.130293375	2.846769847	3.822481067	4.009208747
'Chlorurus_spilurus'	53.10741096	15.8292669	3.772106275	11.94770006	2.110843893	1.179635893	3.872365808	6.50290943	1.677760786
'Sargocentron_spiniferum'	19.63561291	1.578769968	0.403871387	69.96545124	1.788229346	0.623562976	2.33956495	0.089080425	3.575856797
'Ctenochaetus_striatus'	33.29986575	25.04089437	7.367756055	16.23591259	2.346208951	1.619135183	5.960143497	7.188102839	0.941980754
'Halichoeres_trimaculatus'	34.8352595	28.44394597	7.343021082	6.592057996	6.449830139	3.102599112	3.300092651	9.592659417	0.340534127
'Cephalopholis_urodeta'	38.69005329	0.067347543	0.268650089	34.09043813	3.384399053	19.61219657	1.336589698	0.18946122	2.360864417
'Myripristis_violacea'	16.08088171	0.29506205	0.082110027	70.75881681	2.565437686	0.77437099	4.088812342	0.308413274	5.046095101
'Castor_fiber'	1.906915559	0	4.774899164	23.43744904	0.859960209	0.157641252	46.77813896	0.040225699	22.04477012
'Equus_caballus'	12.77262363	0.022730841	5.347371776	43.56564878	0.617950803	0.275347817	37.05970712	0.328073995	0.010545236
'Equus_hemionus'	0.270241948	0.068274993	11.71725897	48.186902	0.522700641	0.307713804	38.50931874	0.402028561	0.015560347
'Vulpes_vulpes'	1.165206215	0	0	24.35226191	0.60626591	0.004483478	7.593019722	0	66.27876276
'Nyctalus_noctula'	98.36207966	0	0	1.560605916	0.030543969	0	0.041043458	0	0.005726994
'Erinaceus_europaeus'	33.34423858	0	0.041899121	25.65546296	0.176779852	0.005739606	0.822485479	0	39.9533944
'Falco_tinnunculus'	91.67187876	0	0	8.207842194	0.105845562	0	0.014433486	0	0
'Sus_scrofa'	2.547441639	0.100554762	2.925051663	64.3447806	1.079048755	0.270536314	25.81144597	0.276729314	2.644410981
'Rupicapra_rupicapra'	0.265885139	0.053914318	1.581486653	66.39018299	0.400440531	0.029491593	31.12100308	0.143771514	0.013824184
'Canis_aureus'	4.099039874	0	0	17.48002961	0.071816062	0.003314587	4.978510424	0	73.36728944
'Marmota_marmota'	0.193451616	0.006541842	3.375123244	79.99504689	0.440172518	0	15.64668445	0.338306691	0.004672744
'Capra_ibex'	0.515336741	0.092086471	1.718020801	63.34784709	0.121276145	0.19772529	33.69287598	0.311009024	0.003822457
'Capra_hircus'	36.51603833	0.032618783	0.877950622	44.75251073	3.053301848	0.143338877	14.41566437	0.201685151	0.006891292
'Bos_frontalis'	8.960724439	0.010968376	0.493138184	72.37724194	0.511126321	0.207521674	17.26422379	0.171106665	0.003948615
'Cervus_unicolor'	8.211722892	0.020764721	0.322094629	82.90773703	0.154528158	0.04925585	8.208342589	0.125554128	0
'Bos_taurus'	1.821021753	0.006666921	1.661968075	72.28322984	0.12048078	0.228103928	23.44041678	0.433349842	0.004762086
'Apodemus_sylvaticus'	2.862048147	0	0	87.51226323	0.020753151	0.433929515	9.146479511	0.016979851	0.0075466
'Ardea_cinerea'	6.651617758	0.003472825	0	92.78809979	0.542918331	0	0	0	0.013891301
'Haliaeetus_albicilla'	39.46581345	0	0	56.09828198	0.233880504	0	0.463413786	0	3.73861028
'Phalacrocorax_carbo'	21.4990825	0	0	70.63314537	5.77559303	0	0.712573166	0	1.379605942
'Carduelis_chloris'	35.59479284	0.008697921	0	63.84274158	0.362413383	0	0.191354266	0	0
'Salvelinus_fontinalis'	70.63376043	0	0	7.292114541	0	0	0.017198383	0	22.05692665
'Hemidactylus_frenatus'	14.47876448	0	0.048262548	44.84395109	35.32818533	1.858108108	1.882239382	0	1.56048906
'Homo_sapiens'	1.322790196	0	0.245210587	54.4581795	1.268605085	0.100716958	42.47837188	0.118778661	0.007347134
'Ursus_arctos'	15.82979853	0.011378794	0.020228967	83.89647826	0.024654053	0.005057242	0.096719747	0	0.115684403
'Zamenis_longissimus'	60.95265524	0.011314195	0.032914022	12.28618742	0.493710336	0.02879977	26.07099143	0	0.123427584
'Podarcis_siculus'	81.79635959	0	0.329067642	5.064780224	0.327477943	0.364041014	12.0960178	0.006358795	0.015896988
'Cricetus_cricetus'	0.620273415	0	0.003635835	34.99418266	1.569953461	0.567917394	61.25799884	0.972222222	0.013816172
'Lynx_lynx'	2.711186116	0	0.032982799	88.55606801	2.190057885	0	1.694216466	0	4.815488723
'Sander_lucioperca'	0.630058644	0	0	99.36994136	0	0	0	0	0
'Turdus_merula'	30.31438721	0	0.795737123	49.63587922	1.18294849	0.380106572	17.34280639	0	0.348134991
'Ciconia_ciconia'	2.851164007	0	0	97.11541256	0.033423431	0	0	0	0
'Corvus_frugilegus'	83.24832823	0.385356455	0.022668027	10.14394197	5.315652272	0	0.82171597	0	0.062337074
'Macropus_fuliginosus'	6.083702806	0.079152898	6.529837321	74.10205742	1.095963202	0.157752279	11.67809679	0.255724747	0.017712537
'Vespadelus_baverstocki'	11.70396231	0.006309414	0.004206276	87.14982754	0.828636325	0.172457306	0.10936317	0	0.025237655
'Phascolarctos_cinereus'	56.28838472	0.290592917	0.017634926	26.05215338	1.058095581	2.069420271	12.79758938	1.426128827	0
'Chrysococcyx_basalis'	0.922803904	0	32.60692103	30.8216504	4.903283052	0.008873114	30.68855368	0.047914818	0
'Martes_foina'	25.72089062	0	0	74.27910938	0	0	0	0	0
'Lepus_europaeus'	0.526806603	0	1.739817371	50.79476746	0.448510147	0.794183158	45.5376863	0.148880127	0.009348831
'Anser_anser'	8.862546695	0	0	89.90057946	0.713298232	0	0.476512633	0	0.047062976
'Blicca_bjoerkna'	75.18265565	0.293837357	0.964537369	6.827567287	0.709685803	0.143669863	0.257739402	0.090244889	15.53006238
'Halichoerus_grypus'	6.988236406	0.003779468	0.011338404	29.96267775	0.107714839	0	0.029290877	0	62.89696225
'Phoca_vitulina'	1.109723203	0	0	97.38047394	0.646282518	0	0.836365611	0	0.027154728
'Mesoplodon_bidens'	14.50505637	0	0	85.48966282	0	0	0.005280807	0	0
'Lagenorhynchus_albirostris'	35.30928646	0	0	39.15531935	0.007861882	0	0.007075694	0	25.52045662
'Bufo_viridis'	19.31751977	0	0	76.50436954	1.339991677	0	2.122347066	0	0.715771952
'Rana_dalmatina'	67.10632397	0	0	29.22699861	0.902963656	0.009674611	2.637943823	0.080621755	0.035473572
'Odocoileus_virginianus'	0.340446604	0.085111651	3.195555624	62.84799059	0.580306711	0	32.86392968	0.086659136	0
'Philander_opossum'	0.626761323	0	0.006159816	11.49575743	0.032339036	0.227913208	87.60028951	0.006159816	0.004619862
'Heteromys_desmarestianus'	1.150219038	0	0.017264076	44.16366344	0.142428624	0.574030514	53.93297223	0.019422085	0
'Martes_martes'	71.04978355	0	0	27.23214286	0.027056277	0	0.040584416	0	1.6504329
'Spermophilus_citellus'	0.334999144	0	0.673188757	82.06550901	0.865777009	0.008121191	15.21099145	0.825751138	0.015662298
'Crocodylus_moreletii'	2.865472222	0	0.003320362	40.28926992	0.005976651	0.001992217	21.96352915	0	34.87043948
'Acrocephalus_scirpaceus'	1.592347807	0	0.008366101	95.4655735	2.493097967	0	0.231462116	0.019520901	0.189631613
'Papio_ursinus'	0.670723462	0	0.995943205	86.24408384	0.06423259	0.181203516	10.82555781	1.014198783	0.004056795
'Crocodylus_niloticus'	35.05769231	0.003205128	0.13034188	53.85897436	0.132478632	0.05982906	3.428418803	0.045940171	7.283119658
'Aepyceros_melampus'	1.13276766	0.080662675	0.22298576	95.79739708	0.265256104	0.029860702	2.363261254	0.101603946	0.006204821
'Panthera_pardus'	0.636783618	0	0	83.62592084	3.485245765	0	2.351521205	0	9.900528572
'Chlorocebus_pygerythrus'	6.673651603	0	0.989887026	80.86279155	0.808582362	0.251913265	9.618713557	0.790816327	0.003644315
'Ceratotherium_simum'	0.184916832	0.077789533	6.100477405	55.86621978	0.260483806	0.150689438	37.26207516	0.085790742	0.011557302
'Giraffa_camelopardalis'	2.322824072	0.045853831	0.762920409	71.16951288	0.161580167	0.434082934	24.48048701	0.615969798	0.006768899
'Syncerus_caffer'	0.674466816	0	0.035498253	83.01550564	0.048277625	0.077386193	16.14673558	0.002129895	0
'Hippopotamus_amphibius'	1.53423234	0	0.072674163	91.73761467	0.296665063	0.004212995	6.32370547	0.007021658	0.023873638
'Equus_quagga'	2.580460377	0.049143012	4.43070986	72.14676576	0.631924868	0.175166197	19.29692329	0.688906643	0
'Procyon_lotor'	12.2979587	0	0.001909992	72.38677331	0.069714695	0	1.491703474	0	13.75193984
'Camelus_bactrianus'	0.631274285	0.099135131	12.13892592	56.57653346	0.053555761	0.999327704	28.50192003	0.999327704	0
'Calidris_alpina'	7.848894108	0.019573302	0.029359953	58.11313369	0.107653161	0.156586416	0.714425524	0.068506557	32.94186729
'Canis_lupus'	1.132941236	0.002028089	0.001014045	72.69076712	1.989808853	0	14.55331339	0	9.630127263
'Eliomys_quercinus'	0.253100481	0	0	99.40470767	0.319919008	0	0.009111617	0	0.013161225
'Glis_glis'	64.17073356	0.011956132	0.004347684	34.50974425	0.10108366	0	1.170614002	0	0.031520711
'Vipera_ursinii'	52.31560037	0.014010355	0.521185214	22.82753875	0.249384323	0.569754445	22.55791725	0.14975513	0.794854152
'Sciurus_vulgaris'	0.776556777	0	0	34.1978022	0.117216117	0.043956044	64.86446886	0	0
'Bufo_bufo'	12.47933364	0.023361967	10.0097042	50.48880423	0.388168062	2.842522374	23.66926643	0	0.09883909
'Aspius_aspius'	3.027735828	0.092084423	0.0478839	45.98327747	0.084717669	0.162068584	0.033150392	0	50.56908173
'Mus_musculus'	0.246292954	0	0	28.68806829	0.035425699	0.079286088	70.93237065	0.003373876	0.015182442
'Asio_otus'	3.449323811	0	0.354556045	73.68687636	8.134528694	0.314035354	13.74157929	0	0.319100441
'Crocidura_suaveolens'	97.81392346	0.010760016	0.08428679	1.239195151	0.833901223	0	0.01793336	0	0
'Cyprinus_carpio'	74.44629449	0	0.009424775	22.47180422	0.065973422	0.241902548	0.304734378	0.009424775	2.450441394
'Lagopus_muta'	1.361882424	0	0	86.82757055	8.251494288	0.812589846	2.672315957	0.02269804	0.051448892
'Nomascus_gabriellae'	1.716747064	0	0.053712905	40.02850916	0.867669996	0.036152917	56.89022942	0.359463284	0.047515262
'Parus_major'	13.13543175	0.5906562	0.182912888	61.6340218	3.909762975	10.36506364	9.425729746	0	0.756421004
'Nyctereutes_procyonoides'	1.606444847	0	0.009533797	85.70645438	3.318953189	0.788921728	3.715797502	0.232386309	4.621508247
'Cervus_elaphus'	1.027132978	0.048085657	0.983880888	70.90926061	0.097171363	0.127339488	25.93558689	0.859124858	0.012417267
'Apodemus_flavicollis'	1.602979089	0	0.28186766	42.74649098	0.191349184	2.486393584	52.57404755	0.098539101	0.018332856
'Felis_catus'	3.893746964	0	0.002082032	65.18425984	3.411409536	0.015268235	26.00492748	0	1.48830592
'Corvus_corone'	6.997132323	0	0	92.97419091	0	0	0.028676772	0	0
'Nycticebus_pygmaeus'	12.08554143	0	0.112554519	25.90864325	5.829386109	0.272006753	54.3696947	0.329456455	1.092716785
'Trachypithecus_hatinhensis'	24.9881328	0.220590288	1.15181638	67.61371569	0.491441655	1.174154637	4.153519672	0.19685589	0.009772987
'Trachypithecus_delacouri'	20.06726226	0.118637423	0.370355087	69.8712526	0.070150824	1.556729321	7.868240246	0.061897786	0.015474447
'Nomascus_siki'	25.41843193	0	0	49.39327371	3.731889743	0.074533187	21.34787384	0.010460798	0.023536796
'Testudo_hermanni'	0.806494402	0.206929485	0.0504059	81.70796413	3.488618878	0.193664774	9.051838489	0	4.494083939
'Circus_aeruginosus'	36.61590337	0	0	4.516182527	0	0	0.015201349	0	58.85271275
'Branta_leucopsis'	66.02203638	0	0.006007738	32.7241487	1.089202893	0	0.147790354	0	0.010813928
'Trichosurus_vulpecula'	0.307819765	0	0.380668062	94.24212774	0.010712985	0.170693559	1.779069684	3.103908811	0.004999393
'Macropus_giganteus'	7.720267424	0.059704626	4.775713995	53.97429421	20.4485064	0.029524266	12.43037194	0.162711509	0.398905634
'Dromaius_novaehollandiae'	80.7240715	0.003228618	0.049505483	16.07313897	0.47353071	0	2.632400263	0.044124452	0
'Gallus_gallus'	0.940502618	0	0	98.38674145	0.574469167	0.038975784	0.047448781	0	0.011862195
'Carassius_gibelio'	58.85080601	1.150506354	1.979483366	26.26260417	2.710033028	0.444016711	0.802729718	0.339027538	7.460793106
'Meleagris_gallopavo'	3.964332116	0	0.012215029	95.47821838	0.518583501	0	0.026650972	0	0
'Leuciscus_idus'	12.49038679	0.015079545	0.030159089	13.76611626	0.610721556	0.401115886	1.33906356	0.007539772	71.33981754
'Phocoena_phocoena'	3.725046961	0	0.004775701	45.11764144	0.11461683	0	0.668598172	0	50.3693209
'Balaenoptera_borealis'	0.792507205	0	0.166843622	29.5654482	0.12386875	0.898680419	68.27443248	0.02401537	0.154203954
'Anas_platyrhynchos'	3.604880454	0	0.002464876	94.81636677	0.681538082	0.007394627	0.244022677	0	0.643332512
'Manis_temminckii'	93.30775661	0	0.008956828	6.60715352	0.02537768	0	0.026870484	0	0.023884875
'Lissotriton_vulgaris'	58.61132661	1.137832945	2.611843807	0.78872511	3.89190587	0.607706232	32.35065943	0	0
'Natrix_natrix'	76.61354165	0.049291252	0.098582503	5.366771722	5.514645476	0	9.372806166	0.002987349	2.981373882
'Potos_flavus'	85.63102443	0.007472166	0.115818576	13.17342898	0.09713816	0	0.283942315	0	0.691175372
'Choloepus_hoffmanni'	2.669283	0	26.76758238	34.8371021	11.96598767	0.147635956	23.28910484	0.262879213	0.060424843
'Tamandua_mexicana'	36.10649021	0.00432887	2.682044464	33.61924492	0.209641013	0.059367367	19.60607279	0.00371046	7.709099904
'Bradypus_variegatus'	2.729765288	0.220952304	18.71466019	65.43402063	0.918960721	0.211913347	11.52065402	0.234008577	0.01506493
'Lepus_tolai'	0.242975271	0	0.003918956	85.31044663	2.909171663	0.154145602	11.34668391	0	0.032657967
'Gazella_subgutturosa'	0.701314966	0.054790232	2.058547276	77.02254227	0.250469631	0.335003131	18.77582968	0.784283031	0.017219787
'Strix_uralensis'	32.84674272	0	0	56.97738417	3.952766937	0	6.210597418	0	0.012508756
'Dendrocopos_major'	22.88487069	0	0	77.00192448	0.046311066	0	0.066893762	0	0
'Caprimulgus_europaeus'	54.66614359	0	0	45.28050216	0.014123186	0	0.025107885	0	0.014123186
'Capreolus_capreolus'	0.983577329	0	0.092117514	62.76669506	0.196121159	0.017829196	35.22652984	0.70029121	0.016838685
'Lutra_lutra'	1.211992079	0	0	96.88416514	0.026320407	0.022560349	1.791041035	0.051387461	0.012533527
'Tringa_glareola'	99.80035492	0	0.003327418	0.166370896	0	0	0.011091393	0	0.018855368
'Esox_lucius'	33.04948631	0.002817806	0.003381368	21.26034839	0.006199174	0	3.989450133	0.007889858	41.68042695
'Dama_dama'	0.541724465	0.061814023	0.486237862	74.4591273	0.197123458	0.310530286	23.66211579	0.261371103	0.019955708
'Ovis_aries'	0.457251843	0.026897167	0.627193036	69.53529031	0.204173951	0.284865453	28.12098835	0.743339895	0
'Porites_lobata'	98.0573977	0.124938058	0.09225384	0.026885405	0.018977933	0.025303911	1.244108933	0.36110789	0.049026327
'Pocillopora_elegans'	93.10608865	0.148577861	0.115616902	0.010648925	0.045638251	0.07555666	1.530909773	4.881771575	0.085191402
'Acropora_hyacinthus'	76.959403	1.587733447	3.006393688	0.064131216	0.250694755	0.272071827	11.06554988	6.617175506	0.176846688
'Stegastes_nigricans'	46.99744909	16.62415144	5.894980415	7.69874127	2.193019139	2.766277757	8.668227882	4.723372224	4.433780789
